4294967279,95
4294967279,94
4294967279,101
4294967279,100
4294967279,99
4294967279,98
4294967279,97
4294967279,96
4294967278,329
4294967279,387
4294967278,289
4294967278,469
4294967278,342
4294967279,385
4294967278,326
4294967278,362
4294967278,325
4294967279,109
4294967279,108
4294967279,107
4294967279,106
4294967279,105
4294967279,104
4294967279,103
4294967279,102
4294967279,473
4294967278,341
4294967278,339
4294967279,396
4294967278,340
4294967279,418
4294967278,288
4294967279,417
4294967278,487
4294967278,338
4294967279,416
4294967278,287
4294967278,141
4294967279,141
4294967278,140
4294967278,139
4294967278,336
4294967279,138
4294967278,276
4294967279,113
4294967279,112
4294967279,111
4294967279,110
34,4
4294967278,334
4294967279,134
4294967278,284
4294967278,486
4294967278,455
4294967278,332
4294967294,1053
4294967279,117
4294967279,116
4294967279,115
4294967279,114
4294967278,267
4294967279,318
4294967278,323
4294967279,288
4294967278,281
4294967279,268
4294967278,453
4294967278,279
4294967279,121
4294967279,120
4294967279,119
4294967279,118
4294967278,278
4294967278,361
4294967278,320
4294967278,464
4294967278,454
4294967279,260
4294967279,308
4294967279,409
4294967279,306
4294967279,124
4294967279,252
4294967279,123
4294967279,122
4294967279,412
4294967279,257
4294967279,411
4294967279,311
4294967279,256
4294967279,309
4294967279,126
4294967279,125
4294967278,248
4294967278,6
4294967278,5
4294967278,4
4294967279,132
4294967279,131
4294967279,130
4294967279,129
4294967279,128
4294967279,127
4294967279,174
4294967279,487
4294967278,308
4294967278,235
4294967278,462
4294967279,486
86,4
4294967278,402
4294967278,225
4294967278,460
4294967278,221
4294967278,459
4294967278,305
4294967278,21
4294967278,20
4294967278,19
4294967278,18
4294967278,17
4294967278,16
4294967278,15
4294967278,14
4294967278,13
4294967278,12
4294967278,11
4294967278,10
4294967278,9
4294967278,8
4294967278,7
4294967278,306
4294967278,389
4294967278,376
4294967278,375
4294967278,206
4294967278,386
4294967278,373
4294967278,303
4294967279,439
4294967278,372
4294967279,453
4294967278,371
4294967279,438
4294967278,458
4294967279,484
4294967278,457
4294967294,104
4294967294,106
4294967294,160
4294967294,119
4294967294,168
4294967279,505
4294967278,407
4294967279,435
4294967279,504
4294967278,194
4294967279,503
4294967278,37
4294967278,36
4294967278,35
4294967278,34
4294967278,33
4294967278,32
4294967278,31
4294967278,30
4294967278,29
4294967278,28
4294967278,27
4294967278,26
4294967278,25
4294967278,24
4294967278,23
4294967278,22
4294967279,194
4294967278,474
4294967279,193
4294967279,502
4294967278,485
4294967279,501
4294967278,369
4294967279,429
4294967278,353
4294967279,428
4294967278,484
4294967279,187
4294967278,352
4294967279,426
4294967278,184
4294967279,185
4294967279,300
4294967278,182
4294967279,183
4294967278,181
4294967279,182
4294967279,181
4294967278,296
4294967279,499
4294967279,423
4294967278,177
4294967278,471
4294967279,482
4294967278,470
4294967279,176
4294967278,417
4294967279,483
4294967278,385
4294967278,348
4294967279,402
4294967278,347
4294967279,171
4294967278,169
4294967278,168
4294967278,46
4294967278,45
4294967278,44
4294967278,43
4294967278,42
4294967278,41
4294967278,40
4294967278,39
4294967278,38
4294967278,167
4294967279,294
4294967279,167
4294967278,165
4294967278,290
4294967279,165
4294967278,163
4294967279,164
40,4
4294967278,345
4294967279,445
4294967278,161
4294967294,471
4294967294,14
4294967294,127
4294967294,20
4294967294,13
4294967294,185
4294967294,182
4294967294,176
4294967294,173
4294967294,170
4294967294,199
4294967294,163
4294967294,200
4294967278,56
4294967278,55
4294967278,54
4294967278,53
4294967278,52
4294967278,51
4294967278,50
4294967278,49
4294967278,47
4294967279,162
4294967278,48
4294967279,456
4294967279,160
4294967279,478
4294967279,157
4294967278,483
4294967279,156
4294967279,449
4294967279,386
4294967279,153
4294967279,152
4294967279,477
4294967279,150
4294967279,397
4294967279,148
4294967279,147
4294967279,146
4294967279,444
4294967279,144
4294967279,443
4294967279,415
4294967279,290
4294967279,140
4294967279,139
4294967278,61
4294967278,60
4294967278,59
4294967278,58
4294967278,57
4294967279,83
4294967279,82
4294967279,81
4294967279,80
4294967279,77
4294967279,75
4294967279,74
4294967279,73
4294967279,72
4294967279,69
4294967279,65
4294967279,63
4294967279,62
4294967279,59
4294967279,57
4294967279,54
4294967279,52
4294967279,50
4294967279,49
4294967279,47
4294967279,46
4294967279,44
4294967279,43
4294967279,41
4294967279,40
4294967279,38
4294967279,37
4294967279,36
4294967279,35
4294967279,32
4294967279,30
4294967279,29
4294967279,27
4294967279,25
4294967279,24
4294967279,23
4294967279,22
4294967279,15
4294967279,14
4294967279,13
4294967279,12
4294967279,137
4294967294,107
4294967279,136
4294967279,135
106,4
106,3
106,2
106,1
4294967279,133
4294967279,283
4294967279,20
4294967279,392
4294967279,319
4294967279,476
4294967279,18
4294967279,272
4294967279,16
4294967279,271
4294967279,414
4294967279,270
4294967279,269
4294967279,266
4294967279,287
105,5
